     0/299    0.935G   0.08321   0.01731   0.02389    0.1244        13       640  0.008176   0.08466  0.002791 0.0003557    0.1215   0.01689    0.0222
     1/299     12.3G   0.07659   0.01531   0.02236    0.1143        16       640   0.03827   0.05556  0.008359 0.0009451     0.112   0.01649    0.0212
     2/299     12.3G   0.07177   0.01409   0.02024    0.1061        12       640   0.02604   0.05556   0.01375  0.002736    0.1053   0.01652   0.02005
     3/299     12.3G   0.06808   0.01338   0.01835   0.09982        14       640   0.05458   0.05556     0.028  0.007457    0.1038   0.01596   0.01825
     4/299     12.3G   0.06641   0.01249   0.01689    0.0958        14       640    0.7479   0.07407   0.04994    0.0142   0.09557   0.01618   0.01667
     5/299     12.3G   0.06124   0.01223   0.01466   0.08813         2       640   0.08558    0.2573   0.08266   0.02163   0.09056   0.01603   0.01569
     6/299     12.3G   0.06068   0.01281   0.01332   0.08682        14       640    0.0902    0.3666   0.08817   0.03123   0.09281   0.01537   0.01435
     7/299     12.3G   0.05825   0.01316   0.01171   0.08312        18       640    0.3317    0.4005    0.2053   0.08047   0.09184   0.01497    0.0136
     8/299     12.3G   0.05297   0.01228   0.01012   0.07537         6       640    0.3607    0.6276    0.3816    0.1627   0.09724   0.01426   0.01363
     9/299     12.3G   0.05672   0.01122    0.0096   0.07754        10       640    0.7294     0.609    0.6046    0.2963    0.0947   0.01388   0.01253
    10/299     12.3G   0.05374   0.01087  0.008752   0.07337        12       640    0.7609    0.4048    0.4526    0.1839    0.1009   0.01299   0.01101
    11/299     12.3G   0.05421  0.009964  0.008557   0.07274         3       640    0.7153     0.463    0.4853    0.1497    0.1006    0.0127    0.0113
    12/299     12.3G   0.05648    0.0097  0.008763   0.07494         6       640    0.4748    0.5257    0.5664    0.1978   0.09662   0.01227   0.01062
    13/299     12.3G   0.05408   0.01035  0.007657   0.07209         7       640    0.7832    0.6086    0.6161    0.2901   0.09643    0.0117   0.01098
    14/299     12.3G    0.0531  0.009382  0.007127    0.0696         4       640    0.7402    0.4766    0.5751    0.2278   0.09697   0.01175   0.01178
    15/299     12.3G   0.05209  0.009548  0.006554   0.06819        12       640       0.8    0.4418    0.5974    0.2579   0.09545   0.01192    0.0123
    16/299     12.3G   0.05018  0.009623  0.006908   0.06671         6       640    0.5555    0.6269    0.6099    0.2987   0.09559   0.01142   0.01155
    17/299     12.3G   0.04898  0.008904  0.005875   0.06376         8       640    0.6194    0.6469    0.6325    0.2717   0.09473   0.01118     0.011
    18/299     12.3G   0.04797  0.009519  0.006165   0.06366        12       640    0.5052    0.7597    0.6599    0.2852    0.0925   0.01115   0.01059
    19/299     12.3G   0.04885  0.009366  0.005636   0.06386        11       640    0.4739    0.7359    0.6472    0.2559   0.08843   0.01186   0.01061
    20/299     12.3G   0.04828  0.009427  0.006231   0.06394        15       640    0.7865    0.7001    0.7659    0.3692   0.08549   0.01189   0.01225
    21/299     12.3G   0.04762  0.008636  0.005832   0.06209         5       640    0.4237      0.77    0.5695    0.2956   0.09003   0.01134    0.0116
    22/299     12.3G   0.04812  0.009522  0.005515   0.06316        22       640    0.8172    0.6848    0.7273    0.3328   0.08739     0.011   0.01023
    23/299     12.3G   0.04761  0.009387  0.005838   0.06284        25       640    0.7039    0.7478      0.79    0.3593   0.08261   0.01163   0.01146
    24/299     12.3G   0.04763  0.008834  0.006179   0.06264        10       640    0.7064    0.7914    0.7717    0.4104   0.08058   0.01152   0.01073
    25/299     12.3G   0.04363  0.009297  0.004735   0.05766        13       640    0.5911    0.8421     0.667     0.298   0.07924   0.01243   0.01123
    26/299     12.3G   0.04497  0.008483  0.005867   0.05932        10       640    0.7606    0.7534    0.7757    0.4296   0.07404   0.01247   0.01112
    27/299     12.3G   0.04149  0.008405  0.005938   0.05583         9       640    0.7317    0.6678    0.7087    0.3933   0.07299   0.01335   0.01147
    28/299     12.3G   0.04443  0.009149  0.005664   0.05924        13       640    0.8175    0.7718    0.7884    0.4212   0.07027   0.01298   0.01146
    29/299     12.3G   0.04368  0.008703  0.005015    0.0574        18       640    0.7676    0.8051    0.7957    0.4205   0.06962   0.01258   0.01098
    30/299     12.3G   0.04817  0.007684  0.005829   0.06169        10       640    0.6818    0.8752    0.8102    0.4502   0.06976    0.0128   0.01276
    31/299     12.3G   0.04489  0.007539  0.004976    0.0574        11       640    0.7819    0.7173    0.7846    0.4013   0.07046   0.01248   0.01207
    32/299     12.3G   0.04404   0.00761  0.005038   0.05669         8       640    0.8018    0.7885    0.8322    0.4657   0.06794   0.01286   0.01214
    33/299     12.3G   0.04244  0.007733  0.004136   0.05431         4       640    0.7865    0.7893    0.7786    0.3971   0.06825   0.01276   0.01206
    34/299     12.3G   0.04443  0.007561  0.005232   0.05723        14       640    0.7948    0.8772    0.8717    0.5222   0.06656   0.01242   0.01126
    35/299     12.3G   0.04336  0.008193  0.004952    0.0565        24       640    0.7988    0.7875    0.8309    0.4565   0.06747   0.01251   0.01131
    36/299     12.3G   0.04446   0.00769  0.004318   0.05647        10       640    0.8659    0.8061     0.824    0.4611   0.06772   0.01251   0.01274
    37/299     12.3G   0.03984  0.007699  0.003817   0.05135        21       640    0.8032     0.807    0.8009    0.5041   0.06605   0.01269   0.01357
    38/299     12.3G   0.04142  0.007332  0.004403   0.05316         9       640    0.8896    0.7842    0.8152    0.5012      0.07    0.0122   0.01344
    39/299     12.3G    0.0415  0.007852  0.004912   0.05426        15       640    0.7719    0.8078    0.8444    0.5006   0.06909   0.01268   0.01273
    40/299     12.3G   0.04202  0.007922  0.004594   0.05454        11       640    0.6903    0.6973     0.698    0.3737   0.07264   0.01427    0.0126
    41/299     12.3G    0.0447  0.007938  0.004759   0.05739         4       640    0.6103    0.7404    0.7152    0.3798   0.07252   0.01402   0.01013
    42/299     12.3G   0.04106  0.007443  0.004091    0.0526         5       640    0.7569    0.7546    0.7878    0.4827   0.07195    0.0131   0.01003
    43/299     12.3G   0.04328  0.007737  0.003868   0.05488        15       640     0.829    0.6811    0.7784    0.4117   0.07315   0.01348   0.01137
    44/299     12.3G   0.04039  0.007296   0.00398   0.05166         8       640    0.8026    0.6775    0.7379    0.4977   0.07158   0.01385   0.01001
    45/299     12.3G   0.03818  0.007078  0.003314   0.04857        10       640    0.8966     0.748    0.8425    0.4996   0.07039   0.01381   0.01054
    46/299     12.3G   0.04036  0.008051   0.00513   0.05354        24       640    0.9022     0.713    0.8158    0.4738   0.07061   0.01306   0.01072
    47/299     12.3G    0.0409  0.007144  0.003779   0.05182        12       640     0.797    0.8049    0.8127    0.4932   0.06789   0.01299   0.01024
    48/299     12.3G   0.03789  0.007778  0.004571   0.05024        11       640    0.8498    0.8152    0.8387    0.5551   0.07005   0.01241   0.01043
    49/299     12.3G   0.03705  0.007548   0.00388   0.04848        16       640    0.8814    0.7156    0.7915    0.5558   0.07008   0.01237   0.01117
    50/299     12.3G   0.03802  0.006772  0.004309   0.04911        14       640     0.771     0.769    0.7942    0.4658   0.07068   0.01324   0.01042
    51/299     12.3G   0.03854  0.008016  0.003597   0.05015        12       640    0.7134     0.752    0.7582    0.4533   0.07066   0.01381   0.01084
    52/299     12.3G   0.03895  0.007266  0.003186    0.0494        12       640    0.6638    0.7576    0.7233    0.3795   0.07288   0.01391   0.01007
    53/299     12.3G    0.0386  0.007537  0.003833   0.04997        12       640    0.8028    0.7329    0.7221    0.4164   0.07165   0.01403   0.01072
    54/299     12.3G    0.0372  0.007332  0.003681   0.04821        16       640    0.8141    0.7873    0.8346    0.5165   0.06964   0.01375   0.01038
    55/299     12.3G    0.0391  0.007203  0.003551   0.04986         8       640    0.7317     0.807    0.7793    0.4582   0.07122   0.01445   0.01048
    56/299     12.3G   0.03675  0.006897  0.002777   0.04643        11       640    0.8294    0.5827    0.7532    0.4655   0.07036   0.01417  0.008224
    57/299     12.3G   0.03668  0.007017  0.002709   0.04641        12       640    0.8316    0.7505    0.7723    0.4837   0.06955   0.01339   0.01006
    58/299     12.3G   0.03571   0.00724   0.00364   0.04659        12       640    0.7032     0.771    0.8047     0.509    0.0688   0.01387   0.01087
    59/299     12.3G   0.03591  0.007158  0.003351   0.04641         9       640     0.771    0.6702    0.7719    0.4726   0.06994   0.01404  0.009559
    60/299     12.3G   0.03647  0.006971   0.00304   0.04649         7       640    0.7685    0.7659    0.7413     0.478   0.07005   0.01426  0.009084
    61/299     12.3G   0.03952  0.007337  0.003173   0.05003        11       640    0.7649    0.7008    0.7268    0.3881   0.07669   0.01398   0.01058
    62/299     12.3G   0.03863  0.007462  0.003812    0.0499         8       640    0.8008    0.6271    0.6579    0.3435   0.07728   0.01431   0.01098
    63/299     12.3G   0.03914  0.007394  0.002924   0.04946        12       640    0.6021    0.4276    0.4159     0.228   0.08786   0.01473   0.01588
    64/299     12.3G   0.04084  0.008073  0.003192   0.05211        11       640    0.4734    0.3561     0.327    0.1577   0.08797   0.01525   0.01424
    65/299     12.3G   0.03804  0.007421  0.002635   0.04809        17       640     0.697    0.4598    0.4755     0.257   0.07545   0.01528   0.01166
    66/299     12.3G   0.04388  0.007667  0.004508   0.05606        11       640    0.8488    0.7229    0.7603     0.469   0.07552   0.01339   0.01106
    67/299     12.3G   0.04074  0.007435  0.003543   0.05172         9       640     0.819     0.721    0.7405    0.4202   0.07791   0.01255  0.009474
    68/299     12.3G   0.04256  0.007483  0.003575   0.05362         9       640    0.7369    0.6375     0.626    0.3574   0.07837   0.01355   0.01037
    69/299     12.3G   0.04624  0.008393  0.006013   0.06064        11       640    0.7469     0.458    0.5545    0.3485   0.07804   0.01325   0.01082
    70/299     12.3G    0.0428   0.00799  0.004022   0.05481        11       640    0.7059    0.6288    0.6628    0.4165   0.07926   0.01348  0.009896
    71/299     12.3G   0.03935  0.007855  0.003276   0.05048        13       640    0.7778    0.7495     0.814    0.4663   0.07131   0.01354  0.009417
    72/299     12.3G   0.03557  0.007476  0.003962   0.04701         3       640    0.7623    0.7212    0.7453    0.4355   0.07123   0.01374   0.01011
    73/299     12.3G   0.03814  0.008116  0.004374   0.05063         7       640    0.8744    0.7028    0.7379     0.431   0.07122   0.01351   0.01049
    74/299     12.3G   0.03841   0.00777  0.003694   0.04987        13       640    0.6724    0.7372    0.6906    0.4318   0.07366   0.01309  0.009844
    75/299     12.3G   0.03791  0.007367  0.003437   0.04871        12       640    0.7106    0.6365    0.6902    0.4378   0.07519   0.01323  0.009833
    76/299     12.3G   0.04002  0.007657  0.004299   0.05198        17       640    0.8031    0.6215    0.7475    0.4049   0.07565   0.01275   0.01082
    77/299     12.3G   0.04072  0.007778  0.003145   0.05164        13       640    0.8177    0.6367    0.6921    0.4395   0.07139   0.01336  0.009548
    78/299     12.3G   0.03299  0.007019  0.002224   0.04223        10       640    0.7717    0.6874     0.749    0.4416   0.07155   0.01394  0.009433
    79/299     12.3G   0.03538  0.007223  0.002347   0.04495        10       640    0.8876    0.7339    0.8216    0.4951   0.07001   0.01418  0.009369
    80/299     12.3G   0.03851  0.007292  0.003465   0.04927        20       640    0.7797    0.7224    0.7389    0.4412   0.07077   0.01444  0.009379
    81/299     12.3G   0.03969  0.007537  0.003677    0.0509        11       640    0.9277    0.6221    0.7414    0.4539   0.07292   0.01391   0.01021
    82/299     12.3G   0.03609  0.007513  0.003185   0.04679         3       640    0.6638     0.639    0.6356    0.3799    0.0727   0.01474   0.01224
    83/299     12.3G   0.03476  0.007093  0.002847    0.0447        16       640    0.7226    0.7154     0.723    0.4055   0.07228   0.01435  0.009799
    84/299     12.3G   0.03473  0.007433  0.002787   0.04495        17       640    0.7573     0.732    0.7357    0.4534   0.06937   0.01407  0.009116
    85/299     12.3G    0.0356   0.00747  0.003256   0.04632         6       640     0.812    0.5792    0.6931    0.4399   0.07069   0.01468  0.008463
    86/299     12.3G   0.03531  0.007107  0.002331   0.04475         8       640    0.8892    0.3717    0.5301    0.3547   0.07572   0.01582   0.01289
    87/299     12.3G   0.03621  0.007562  0.002845   0.04661        18       640    0.7319    0.6318    0.6691    0.3943   0.07442   0.01462   0.01043
    88/299     12.3G   0.03381  0.006592  0.002011   0.04241         8       640    0.9741     0.548     0.736    0.4581   0.07156   0.01471  0.009758
    89/299     12.3G   0.03519  0.007695  0.002428   0.04532         9       640    0.7894    0.6562     0.729    0.4505   0.07164   0.01524   0.01059
    90/299     12.3G   0.03309  0.006828  0.002495   0.04241         5       640     0.901    0.6572    0.7775    0.4678   0.06937   0.01562   0.01099
    91/299     12.3G   0.03205  0.007471  0.002804   0.04232        11       640    0.9775    0.7028    0.7907    0.4764   0.06779   0.01557   0.01138
    92/299     12.3G   0.03304  0.006937  0.001895   0.04187        14       640    0.9167    0.7035    0.8114    0.5011   0.06792    0.0153    0.0113
    93/299     12.3G   0.03541   0.00668  0.002333   0.04442        19       640    0.8426    0.6969    0.7564    0.4321   0.06805   0.01555    0.0122
    94/299     12.3G   0.03699   0.00735  0.002311   0.04665        15       640     0.925     0.689    0.7338    0.4469   0.07049   0.01613   0.01288
    95/299     12.3G    0.0342  0.007419  0.002378     0.044        11       640    0.8373    0.7515    0.8204    0.4561   0.06797   0.01484   0.01189
    96/299     12.3G   0.03415  0.007332  0.003589   0.04508        13       640    0.9102    0.7958    0.8476    0.5623   0.06672   0.01354  0.009337
    97/299     12.3G   0.03314  0.006672  0.002497   0.04231        10       640     0.761    0.8098    0.7581    0.4969   0.06676   0.01386  0.008389
    98/299     12.3G   0.03306  0.007104  0.002286   0.04245        11       640    0.9149     0.732     0.816    0.5565   0.06638   0.01431  0.007029
    99/299     12.3G   0.03388  0.006843  0.002113   0.04284         9       640    0.8122    0.7501     0.776    0.4973   0.06727   0.01463  0.007687
   100/299     12.3G   0.03474  0.007243  0.002735   0.04472        10       640    0.8566    0.8047    0.8039    0.5627   0.06616   0.01451  0.007434
   101/299     12.3G   0.03321  0.007711   0.00213   0.04305        23       640    0.8826    0.6771    0.7784    0.5347   0.06855   0.01439  0.007921
   102/299     12.3G   0.03315  0.006523  0.002278   0.04195         3       640    0.8006    0.6969    0.7693    0.4754   0.07036   0.01468  0.008458
   103/299     12.3G    0.0337  0.007129  0.002549   0.04338         6       640     0.776    0.7505    0.7627    0.4809   0.06819   0.01439  0.008409
   104/299     12.3G    0.0356   0.00818    0.0033   0.04708         5       640    0.7047    0.6903    0.6891    0.3778   0.07188   0.01566   0.01311
   105/299     12.3G   0.03327  0.007719    0.0023   0.04329        12       640     0.763    0.5673    0.6122    0.3703   0.07256   0.01512   0.01651
   106/299     12.3G   0.03508  0.007561  0.003124   0.04577         7       640    0.8685    0.5915    0.7132     0.344   0.07139   0.01487   0.01628
   107/299     12.3G   0.03358  0.008132  0.002193    0.0439        15       640    0.6909    0.8226    0.8237    0.4676   0.07027   0.01469   0.01081
   108/299     12.3G    0.0313  0.007588  0.002255   0.04114        12       640    0.8642    0.7846    0.8264    0.4863    0.0687   0.01458  0.006946
   109/299     12.3G   0.03302  0.007418  0.002656   0.04309        11       640    0.8536    0.6807     0.771    0.4892   0.07149   0.01503  0.007439
   110/299     12.3G   0.03262  0.007884  0.002986   0.04349        12       640    0.8334    0.8015    0.8339    0.5395   0.07175   0.01448  0.007463
   111/299     12.3G   0.03118  0.006816  0.001503    0.0395        10       640    0.8775    0.7897     0.859    0.5585   0.07073   0.01448  0.007551
   112/299     12.3G    0.0331  0.007394  0.002971   0.04347         8       640    0.9242    0.7361    0.8118    0.5434   0.07207   0.01465  0.006591
   113/299     12.3G   0.03069  0.007383  0.001662   0.03974         6       640    0.8659    0.7308    0.7966    0.5419   0.07108   0.01463  0.006468
   114/299     12.3G   0.02955  0.006755   0.00218   0.03848         3       640    0.8853    0.7824     0.834    0.5445    0.0696   0.01492  0.006405
   115/299     12.3G    0.0307  0.006987  0.002001   0.03969         6       640    0.8839    0.7671    0.8448    0.5462    0.0692   0.01436  0.007334
   116/299     12.3G   0.03002  0.006898  0.001696   0.03861         5       640    0.9081     0.764    0.8255    0.5899   0.06892   0.01394  0.007091
   117/299     12.3G    0.0335  0.006936  0.002671   0.04311        19       640    0.8462    0.8402    0.7959    0.5181   0.07039   0.01463  0.007503
   118/299     12.3G   0.02989  0.006357  0.002053    0.0383        17       640    0.8457    0.7504    0.7887    0.4672    0.0704   0.01545   0.00834
   119/299     12.3G   0.03101  0.006647  0.002262   0.03991         9       640    0.7871    0.7397    0.7542    0.4583   0.07261   0.01499  0.008396
   120/299     12.3G   0.03233  0.006834  0.001882   0.04105        12       640    0.7549    0.7912    0.7602    0.4727   0.07239   0.01417  0.006491
   121/299     12.3G   0.02944  0.006726  0.001949   0.03812         9       640    0.8288    0.7565    0.7876    0.5047   0.07201   0.01383  0.006068
   122/299     12.3G   0.03098   0.00715  0.001302   0.03943        17       640    0.8074     0.774    0.7884    0.5125    0.0702   0.01403  0.006421
   123/299     12.3G    0.0313  0.006754  0.001964   0.04002        14       640    0.8883    0.7134    0.7696    0.4916   0.07026   0.01504  0.008553
   124/299     12.3G   0.02954  0.007009  0.001565   0.03812        13       640    0.8469    0.7748    0.7727     0.515   0.06915   0.01453  0.008026
   125/299     12.3G   0.03257  0.006459  0.002726   0.04176        11       640    0.8359     0.786    0.7812     0.552   0.06732   0.01433  0.006891
   126/299     12.3G   0.02812  0.006169  0.001753   0.03604         6       640    0.9087    0.7639    0.7885    0.5705   0.06684   0.01366  0.005968
   127/299     12.3G    0.0291   0.00639  0.001984   0.03748        12       640    0.8837     0.774     0.811    0.5742   0.06553   0.01375  0.005707
   128/299     12.3G   0.02795   0.00664  0.001634   0.03622         8       640    0.9358    0.8556    0.8821    0.5301   0.06504   0.01474  0.006377
   129/299     12.3G    0.0264  0.006158  0.002057   0.03462         3       640    0.9284     0.774    0.8047    0.5466   0.06425   0.01531  0.006058
   130/299     12.3G   0.02544   0.00618  0.001272    0.0329         3       640    0.9104     0.773    0.8132    0.5611   0.06233   0.01504  0.005706
   131/299     12.3G   0.02669  0.006582  0.003322   0.03659         9       640    0.8892      0.81    0.8364    0.5634   0.06262   0.01503  0.005279
   132/299     12.3G   0.02516  0.005667  0.001335   0.03216         7       640    0.8949      0.81    0.8345    0.5753   0.06386   0.01483  0.005417
   133/299     12.3G   0.02649  0.005888  0.001569   0.03395         3       640    0.9412    0.7565    0.8368    0.5874   0.06457   0.01492  0.006682
   134/299     12.3G   0.02845  0.006038   0.00163   0.03612         9       640    0.9465    0.7838    0.8396    0.5572   0.06749   0.01491   0.00824
   135/299     12.3G   0.02752  0.006322  0.001934   0.03578        10       640    0.9005    0.7584    0.8184    0.5687   0.06777   0.01454   0.00687
   136/299     12.3G   0.02803  0.006159  0.001496   0.03569        11       640    0.9503     0.805     0.892    0.5879   0.06787   0.01443  0.006179
   137/299     12.3G   0.02478  0.006091   0.00155   0.03242        10       640    0.8754    0.8226    0.8837    0.6119   0.06783   0.01461  0.006267
   138/299     12.3G   0.02788  0.007155  0.001671   0.03671         8       640    0.9241    0.8226    0.8625    0.5694   0.06913    0.0148  0.006358
   139/299     12.3G   0.02491  0.005956   0.00155   0.03242        11       640     0.975      0.77    0.8355    0.5523   0.06975   0.01513  0.006335
   140/299     12.3G   0.02553  0.005944  0.001322    0.0328         7       640    0.9722    0.7042    0.7951     0.521   0.06678   0.01675  0.007218
   141/299     12.3G   0.02604  0.006462  0.001506   0.03401        10       640    0.9643    0.7164    0.7922    0.5442   0.06516   0.01712   0.00771
   142/299     12.3G   0.02488  0.006278  0.001499   0.03265         4       640    0.9461    0.7524    0.8092    0.5535   0.06446   0.01638  0.009027
   143/299     12.3G   0.02501  0.006114    0.0015   0.03262        16       640    0.9767    0.7039    0.8274    0.5548   0.06344   0.01607  0.007582
   144/299     12.3G   0.02466  0.004947 0.0009371   0.03055         4       640    0.8962    0.8057     0.861    0.5706   0.06231    0.0153  0.006313
   145/299     12.3G    0.0247  0.006256   0.00128   0.03224         5       640    0.8674    0.8056    0.8917    0.6134   0.06163   0.01525  0.005763
   146/299     12.3G   0.02586  0.007099  0.001235   0.03419        20       640     0.827    0.8226     0.885    0.5907   0.06147   0.01542  0.005436
   147/299     12.3G   0.02582  0.005972   0.00129   0.03308        14       640     0.886    0.7446    0.8556    0.5866   0.06117   0.01643  0.005512
   148/299     12.3G   0.02512  0.005494 0.0008911   0.03151        15       640    0.9457    0.7512    0.8325     0.557   0.06057   0.01755  0.005787
   149/299     12.3G    0.0252  0.006392  0.001412     0.033         9       640    0.9702    0.6664    0.7875    0.5407   0.05925   0.01762  0.006448
   150/299     12.3G   0.02477  0.006349  0.001307   0.03242        10       640    0.9643    0.7688    0.8563    0.5449   0.05787   0.01767  0.006363
   151/299     12.3G   0.02592  0.005892  0.001342   0.03315        12       640    0.9474    0.7513    0.8422    0.5404   0.05746   0.01795  0.006595
   152/299     12.3G   0.02524   0.00602  0.001337    0.0326        12       640    0.9995    0.6783    0.7985    0.5336   0.05694   0.01761  0.006265
   153/299     12.3G   0.02394  0.005897  0.001231   0.03107        18       640    0.9601    0.7213    0.8255    0.5842   0.05618   0.01743  0.005706
   154/299     12.3G   0.02325  0.005761  0.001101   0.03011         8       640    0.9186    0.7073    0.8015    0.5802   0.05586   0.01771  0.005361
   155/299     12.3G   0.02453   0.00573  0.000917   0.03118         9       640    0.9554    0.6582    0.7813    0.5853   0.05573   0.01782  0.005587
   156/299     12.3G   0.02439  0.005937   0.00181   0.03214        16       640    0.9177    0.6687    0.7814    0.5628   0.05557    0.0177  0.005688
   157/299     12.3G   0.02441  0.005959  0.001185   0.03155         9       640    0.8749    0.7038     0.748    0.5457   0.05593   0.01801  0.006398
   158/299     12.3G    0.0254  0.006508  0.001324   0.03323        16       640    0.9234    0.6685    0.7557    0.5284   0.05576   0.01789  0.005893
   159/299     12.3G   0.02293  0.006075  0.001237   0.03024        19       640    0.8695    0.6573      0.73    0.5348   0.05529   0.01783  0.006208
   160/299     12.3G   0.02421   0.00618  0.001832   0.03222        12       640    0.8912    0.7006    0.7663    0.5407   0.05449   0.01771  0.006944
   161/299     12.3G    0.0229  0.005624  0.001167    0.0297         5       640    0.7307    0.7921    0.8024    0.5736   0.05303   0.01733  0.006123
   162/299     12.3G   0.02458  0.005734  0.001214   0.03152         9       640    0.7331    0.7914    0.8239    0.5775   0.05315   0.01707  0.005409
   163/299     12.3G   0.02311  0.006362  0.001567   0.03104        25       640    0.6568    0.8276    0.8137    0.5698   0.05325   0.01702  0.005553
   164/299     12.3G   0.02304  0.005522  0.001262   0.02983        11       640    0.6839    0.7546    0.7815    0.5522    0.0537   0.01759   0.00562
   165/299     12.3G   0.02246  0.006119  0.001424      0.03         8       640    0.8399    0.6341    0.7743    0.5544   0.05317   0.01813   0.00514
   166/299     12.3G   0.02285   0.00541 0.0008093   0.02907        12       640    0.8315    0.6403    0.7603     0.532    0.0539   0.01838  0.004984
   167/299     12.3G   0.02169  0.006092 0.0008227   0.02861         7       640    0.7889    0.7575     0.788     0.554   0.05317   0.01801   0.00451
   168/299     12.3G   0.02246  0.005019  0.001221    0.0287         4       640    0.7855     0.775    0.7827    0.5391   0.05354   0.01775  0.004448
   169/299     12.3G   0.02138  0.005673  0.001322   0.02837         4       640    0.8715    0.7535    0.7991    0.5408   0.05323   0.01773   0.00452
   170/299     12.3G   0.02192  0.005745 0.0007787   0.02845        17       640    0.8744    0.7203    0.7952    0.5608   0.05276   0.01798  0.004329
   171/299     12.3G   0.02066  0.005669    0.0014   0.02773         7       640    0.8427    0.7389    0.8021    0.5548   0.05226    0.0181  0.004331
   172/299     12.3G   0.02223   0.00557  0.001368   0.02917        10       640    0.9879    0.6799    0.8139    0.5859   0.05168   0.01789  0.004472
   173/299     12.3G   0.02329  0.005423   0.00114   0.02986        11       640    0.9751      0.76    0.8592    0.6066   0.05164   0.01737  0.004649
   174/299     12.3G   0.02125  0.005654 0.0008985    0.0278         9       640    0.9742    0.7319    0.8445      0.61   0.05242   0.01743  0.004919
   175/299     12.3G   0.02089  0.005928 0.0008872   0.02771        27       640    0.9681     0.732    0.8355    0.5941   0.05354   0.01765  0.005799
   176/299     12.3G   0.02159  0.005213  0.001144   0.02794         9       640     0.966    0.7505    0.8688     0.608    0.0526   0.01767  0.005511
   177/299     12.3G   0.02029  0.005185 0.0008371   0.02631        13       640    0.9467    0.7617    0.8794    0.6164   0.05271    0.0178  0.004736
   178/299     12.3G   0.01985  0.005644 0.0008528   0.02634        19       640    0.8604    0.8107    0.8769    0.6222   0.05253   0.01801  0.004556
   179/299     12.3G   0.02247  0.006103  0.001238   0.02981        21       640    0.9935    0.7329    0.8675    0.5999   0.05292   0.01838  0.004507
   180/299     12.3G   0.02126  0.005932  0.001038   0.02823        16       640    0.8304    0.8596    0.8902    0.6119   0.05252   0.01792  0.004394
   181/299     12.3G    0.0196  0.005532  0.001055   0.02619         4       640    0.8086    0.8763    0.8931    0.5991   0.05281    0.0173  0.004505
   182/299     12.3G   0.02017  0.005417   0.00178   0.02737        10       640    0.8698    0.8225    0.8755    0.5922   0.05343   0.01757  0.004858
   183/299     12.3G   0.02097  0.005623 0.0008954   0.02749        10       640    0.9152    0.7989    0.8711    0.5817   0.05337    0.0177  0.004849
   184/299     12.3G   0.02075  0.005478 0.0009819   0.02721        15       640    0.8975     0.805    0.8704    0.5868   0.05255   0.01771  0.004701
   185/299     12.3G   0.01911   0.00515 0.0007981   0.02506         8       640    0.9043    0.8051     0.882    0.5807   0.05195   0.01774  0.004491
   186/299     12.3G   0.02126  0.005785 0.0007336   0.02777        17       640    0.9652    0.7783    0.8839    0.5936   0.05213   0.01785  0.004479
   187/299     12.3G   0.01944   0.00503 0.0008534   0.02532         5       640     0.908    0.8235    0.8905    0.6119   0.05214   0.01799  0.004366
   188/299     12.3G   0.02112  0.005179   0.00104   0.02733        12       640     0.942    0.7792    0.8849    0.5942   0.05253   0.01803  0.004326
   189/299     12.3G    0.0203   0.00526  0.001152   0.02671         7       640    0.9176    0.7214    0.8284    0.5864   0.05379   0.01748  0.004417
   190/299     12.3G   0.02207  0.005634  0.001198   0.02891        14       640    0.9641    0.6948    0.8179     0.574   0.05414   0.01746  0.004492
   191/299     12.3G   0.02054  0.005408 0.0009528    0.0269         8       640    0.8841    0.7179    0.8141    0.5659   0.05409   0.01752  0.004463
   192/299     12.3G   0.01937  0.005389 0.0007599   0.02552        15       640     0.883    0.7398    0.8047    0.5418   0.05365   0.01743  0.004514
   193/299     12.3G   0.01941  0.005333 0.0009081   0.02565        12       640    0.9019    0.7342    0.7745    0.5525   0.05303   0.01758    0.0046
   194/299     12.3G   0.01888  0.004668 0.0005778   0.02413        12       640    0.8997    0.7233    0.7785    0.5443   0.05264   0.01779  0.004704
   195/299     12.3G   0.02188  0.005421  0.001697     0.029        10       640    0.8901    0.7233    0.7881    0.5578   0.05239   0.01793  0.004756
   196/299     12.3G   0.01938  0.005413  0.001073   0.02586        16       640    0.8723    0.7224    0.7827    0.5453   0.05216   0.01785  0.004953
   197/299     12.3G   0.02073  0.006307  0.001157   0.02819        16       640    0.7002    0.8242    0.7824    0.5644   0.05207   0.01781  0.005323
   198/299     12.3G   0.01925  0.005775   0.00102   0.02604        19       640    0.8025    0.7372    0.7872    0.5847   0.05208   0.01712  0.005151
   199/299     12.3G   0.02002  0.004984 0.0008659   0.02587         9       640    0.8025    0.7224    0.7806    0.5574   0.05255   0.01735  0.004759
   200/299     12.3G   0.01974  0.004854 0.0006239   0.02522         9       640    0.9202    0.6532    0.7681    0.5553   0.05207   0.01762   0.00454
   201/299     12.3G   0.01906  0.005105 0.0007576   0.02492         9       640    0.9257    0.6374    0.7748     0.562   0.05226   0.01803   0.00474
   202/299     12.3G   0.02072  0.005417 0.0008999   0.02704        12       640    0.9529    0.6591    0.7892    0.5597   0.05243    0.0182  0.004952
   203/299     12.3G   0.01863   0.00506 0.0006553   0.02435        21       640    0.8751    0.6863    0.7572    0.5464   0.05317   0.01843  0.005165
   204/299     12.3G   0.01959  0.004989 0.0007649   0.02534         4       640    0.9472    0.6806    0.7726    0.5556   0.05297   0.01817  0.005243
   205/299     12.3G   0.01981  0.004798 0.0006832   0.02529        11       640     0.918    0.6859    0.7674    0.5653   0.05238   0.01836  0.005275
   206/299     12.3G   0.02096  0.005238  0.001001   0.02719         7       640     0.878    0.7048    0.7811    0.5698   0.05215   0.01834  0.005343
   207/299     12.3G   0.01846  0.004952 0.0007586   0.02417        11       640    0.8956     0.745    0.7939      0.59   0.05103   0.01819  0.004899
   208/299     12.3G    0.0181  0.005087 0.0005562   0.02374         6       640    0.9001    0.7529    0.7959    0.5975   0.04998   0.01796  0.004593
   209/299     12.3G    0.0191  0.005327 0.0005731     0.025        10       640    0.8537    0.7895    0.8172    0.5991   0.04944   0.01739  0.004551
   210/299     12.3G   0.01962  0.004939 0.0007348   0.02529         6       640    0.8626    0.7945    0.8249    0.6071   0.04992    0.0173   0.00508
   211/299     12.3G   0.01908  0.005234 0.0006512   0.02497         6       640    0.9165    0.7574     0.815     0.595   0.05037   0.01747  0.005421
   212/299     12.3G   0.01931  0.005139 0.0008323   0.02528        12       640    0.9625    0.7252    0.8204    0.5964   0.05023   0.01738  0.005482
   213/299     12.3G   0.01902  0.005286  0.000729   0.02504         9       640    0.8498    0.7856    0.8221    0.6087   0.04969   0.01744  0.005479
   214/299     12.3G   0.01896   0.00464 0.0006234   0.02423        19       640    0.9012    0.7768    0.8323    0.6028   0.04859    0.0173  0.005078
   215/299     12.3G   0.01925  0.004873  0.001089   0.02522         9       640    0.8877    0.7841    0.8195    0.6048   0.04949    0.0174  0.005271
   216/299     12.3G   0.01815  0.004809 0.0008065   0.02377         7       640    0.9921    0.7095    0.8203    0.6021   0.05019   0.01757   0.00575
   217/299     12.3G   0.02037  0.004989 0.0007313   0.02609         3       640    0.9979    0.7019    0.8131    0.6014   0.05045   0.01771  0.005824
   218/299     12.3G   0.01936  0.005041  0.001107   0.02551         7       640    0.9495    0.7095    0.8092       0.6   0.04988   0.01748  0.005614
   219/299     12.3G   0.01986  0.005295 0.0009691   0.02612        12       640    0.8537    0.7391     0.797    0.5772   0.04984   0.01743  0.005338
   220/299     12.3G   0.01953  0.004791 0.0009546   0.02528         7       640    0.7845     0.776     0.801    0.5866   0.04969   0.01765  0.005008
   221/299     12.3G   0.01842  0.005444  0.001059   0.02492        14       640    0.8691    0.7353    0.8037    0.5869   0.04992   0.01782   0.00469
   222/299     12.3G   0.01785  0.004866  0.001034   0.02375         8       640    0.7808    0.7439    0.7914    0.5624   0.05047    0.0177  0.004543
   223/299     12.3G   0.01847  0.004777 0.0009867   0.02423         7       640    0.8353    0.7204    0.7894    0.5689   0.05157   0.01771  0.004865
   224/299     12.3G   0.01868  0.004882 0.0007669   0.02433        13       640    0.9541    0.6696    0.7883    0.5729   0.05108   0.01783  0.004906
   225/299     12.3G   0.01656  0.004504 0.0007912   0.02185        12       640    0.8012    0.7749    0.7993    0.5748   0.05033   0.01775  0.004847
   226/299     12.3G   0.01957  0.005524 0.0008295   0.02593        18       640    0.9416    0.7224    0.8035    0.5903    0.0495   0.01775  0.004734
   227/299     12.3G   0.01786  0.005555 0.0007379   0.02416         9       640    0.9452    0.7224    0.8131    0.5942   0.04906   0.01752  0.004474
   228/299     12.3G   0.01825  0.004918 0.0009591   0.02413         5       640    0.9278    0.7399    0.8158     0.601   0.04909   0.01715   0.00438
   229/299     12.3G    0.0166  0.005254 0.0009174   0.02277         9       640    0.8928    0.7377    0.8071    0.5913   0.04929    0.0171  0.004452
   230/299     12.3G   0.01866  0.005057  0.001258   0.02497         6       640    0.8569    0.7389    0.8165    0.5724   0.04982   0.01725  0.004987
   231/299     12.3G   0.01767  0.004924  0.001165   0.02376         9       640    0.9745    0.6832    0.8041    0.5651   0.05044   0.01773  0.005085
   232/299     12.3G   0.01694  0.005429 0.0008349   0.02321         7       640    0.9313     0.686    0.8067    0.5747   0.05031   0.01802  0.004845
   233/299     12.3G   0.01778  0.004857  0.000693   0.02333        16       640    0.8559    0.7066    0.8084    0.5771   0.05045   0.01824  0.005033
   234/299     12.3G   0.01797  0.005136  0.000628   0.02374         8       640    0.7574    0.7858    0.8032    0.5837   0.05035   0.01825  0.004903
   235/299     12.3G   0.01794  0.004568  0.000779   0.02329         7       640    0.8961    0.7022    0.8089    0.5906   0.04959   0.01821  0.004764
   236/299     12.3G   0.01826  0.005064 0.0006075   0.02393        20       640    0.9045    0.7175    0.8087    0.5919   0.04965   0.01814   0.00461
   237/299     12.3G   0.01749  0.004629   0.00064   0.02276        10       640    0.8609    0.7511    0.8105    0.5989   0.04928   0.01794  0.004475
   238/299     12.3G   0.01723  0.004752 0.0009701   0.02296        17       640    0.8558     0.773    0.8171       0.6    0.0489   0.01772  0.004275
   239/299     12.3G   0.01856   0.00532 0.0009341   0.02481        23       640    0.8851     0.733    0.8138    0.5978   0.04878   0.01763  0.004089
   240/299     12.3G   0.01765  0.004789  0.001089   0.02353        18       640    0.9027    0.7138    0.8028    0.5897   0.04891   0.01768  0.004159
   241/299     12.3G   0.01817  0.005376 0.0006556    0.0242        21       640    0.8759    0.7202    0.7946    0.5739    0.0494   0.01791  0.004437
   242/299     12.3G   0.01966  0.004715 0.0008285   0.02521        14       640     0.859    0.7423    0.7976    0.5743   0.05056   0.01773  0.004935
   243/299     12.3G   0.01698  0.005279 0.0005936   0.02285         8       640    0.8654    0.7406    0.7965    0.5662   0.05051   0.01767  0.004751
   244/299     12.3G   0.01811  0.004793 0.0007995   0.02371        17       640    0.8442    0.7389    0.7981     0.572   0.04994   0.01771  0.004604
   245/299     12.3G   0.01806  0.005052 0.0006073   0.02372        12       640    0.8203    0.7934    0.8099    0.5648   0.04993   0.01813  0.004672
   246/299     12.3G   0.01702    0.0048 0.0009449   0.02276         3       640    0.9491    0.7943    0.8622    0.5857   0.04998   0.01835  0.004785
   247/299     12.3G     0.017   0.00492 0.0009925   0.02291        17       640    0.9033    0.7234    0.8175    0.5851     0.049   0.01816  0.004404
   248/299     12.3G   0.01808  0.004938  0.000444   0.02346        13       640    0.7859    0.8266    0.8144    0.5835   0.04905   0.01792  0.004217
   249/299     12.3G   0.01934  0.005542  0.001045   0.02593        10       640    0.8584    0.7911    0.8217    0.6051   0.04883   0.01766  0.004139
   250/299     12.3G   0.01627  0.004795  0.000707   0.02177         5       640    0.8512    0.8178     0.835    0.5966   0.04875   0.01735  0.004127
   251/299     12.3G   0.01743  0.004822  0.001154   0.02341         7       640    0.8283    0.8296    0.8343    0.5887   0.04874   0.01749  0.004349
   252/299     12.3G   0.01677  0.004862 0.0006667    0.0223        11       640    0.8153    0.8296    0.8368    0.5981   0.04848   0.01757  0.004464
   253/299     12.3G   0.01645  0.004748 0.0007108   0.02191         8       640    0.8341     0.807    0.8481    0.6038   0.04857   0.01755  0.004405
   254/299     12.3G   0.01782  0.004739 0.0005204   0.02308        10       640    0.9084    0.7773    0.8529    0.6052   0.04845   0.01748  0.004222
   255/299     12.3G   0.01628  0.005228 0.0005826    0.0221        18       640    0.9128    0.7521    0.8259    0.6105   0.04862   0.01742  0.004205
   256/299     12.3G   0.01723  0.004836 0.0008168   0.02288        11       640    0.8091    0.8219    0.8267    0.6107    0.0491   0.01746  0.004161
   257/299     12.3G   0.01761  0.004737 0.0009555    0.0233         4       640    0.8193    0.8059    0.8204    0.5992   0.04941   0.01741  0.004097
   258/299     12.3G   0.01719  0.004083 0.0004876   0.02176         7       640    0.8157    0.8118    0.8177    0.5962   0.04953   0.01735  0.004011
   259/299     12.3G   0.01554  0.004738 0.0006561   0.02093        10       640    0.8657    0.7825    0.8161     0.592   0.04959   0.01722  0.003961
   260/299     12.3G   0.01815  0.005511  0.001211   0.02487         7       640    0.8602    0.7935    0.8273    0.6092   0.04926   0.01709  0.003936
   261/299     12.3G    0.0189   0.00459 0.0007919   0.02428        13       640    0.8865    0.7994    0.8374    0.6102   0.04839   0.01698  0.003796
   262/299     12.3G   0.01603   0.00487 0.0006428   0.02155        12       640    0.8498    0.8223    0.8335     0.594   0.04815   0.01719  0.003739
   263/299     12.3G   0.01613  0.005105 0.0007782   0.02201         6       640    0.9082    0.7701    0.8265    0.5886   0.04822   0.01746  0.003779
   264/299     12.3G   0.01641  0.004999 0.0008842    0.0223        11       640    0.8669    0.7935    0.8208    0.5929   0.04865   0.01755  0.004095
   265/299     12.3G    0.0173  0.004647 0.0009131   0.02286        16       640    0.8751    0.7749    0.8077    0.5752   0.04889   0.01764  0.004291
   266/299     12.3G   0.01683  0.004518 0.0006425   0.02199         8       640     0.887    0.7744    0.8047    0.5675    0.0491   0.01776  0.004296
   267/299     12.3G   0.01762  0.004823 0.0008937   0.02334        12       640    0.8894    0.7722    0.8016    0.5729   0.04879   0.01777  0.004273
   268/299     12.3G   0.01793  0.004952  0.001828   0.02471        13       640    0.8895    0.7749    0.8029    0.5691   0.04866   0.01778  0.004238
   269/299     12.3G   0.01741  0.005288 0.0008766   0.02357        29       640     0.893    0.7756    0.8111    0.5763   0.04843   0.01787  0.004202
   270/299     12.3G   0.01923  0.004683  0.001198   0.02511        18       640    0.8948     0.775    0.8094    0.5823   0.04859   0.01797  0.004168
   271/299     12.3G   0.01657  0.005012 0.0009459   0.02253         8       640    0.8888     0.775    0.8108    0.5774   0.04853   0.01809  0.004183
   272/299     12.3G   0.01846  0.004564 0.0008028   0.02383         6       640    0.8645    0.7749    0.7989    0.5771   0.04826   0.01822  0.004105
   273/299     12.3G   0.01619  0.004474  0.000844   0.02151        12       640     0.885    0.7472    0.7898    0.5608   0.04802   0.01837  0.003875
   274/299     12.3G   0.01485  0.004262 0.0006882    0.0198         5       640     0.885    0.7467    0.7848    0.5583   0.04838   0.01846  0.004025
   275/299     12.3G   0.01596  0.004407 0.0006296   0.02099         7       640    0.8882    0.7487    0.7975    0.5762   0.04886    0.0183  0.004126
   276/299     12.3G    0.0155  0.004861  0.000574   0.02094         9       640    0.8665    0.7935    0.8049    0.5779   0.04924   0.01823  0.004146
   277/299     12.3G   0.01546  0.004321 0.0007014   0.02048        11       640    0.9125    0.7796    0.8059    0.5711   0.04908   0.01819  0.004069
   278/299     12.3G   0.01804  0.005191 0.0009325   0.02417        19       640    0.9041    0.7935    0.8101    0.5776   0.04881   0.01819  0.004026
   279/299     12.3G   0.01635   0.00414 0.0008283   0.02132         3       640    0.9066    0.7935    0.8073    0.5703   0.04877   0.01828  0.003961
   280/299     12.3G   0.01664  0.004894 0.0008062   0.02234        14       640    0.8879    0.7935     0.804    0.5675   0.04898   0.01834  0.004009
   281/299     12.3G   0.01672  0.004722 0.0007866   0.02222        14       640     0.865     0.775    0.7903    0.5664   0.04894   0.01834  0.004035
   282/299     12.3G   0.01618  0.004379 0.0008976   0.02145         4       640    0.8528    0.7935    0.7897    0.5654   0.04875   0.01842  0.003963
   283/299     12.3G   0.01664  0.005249 0.0009172   0.02281         5       640    0.8358    0.7934    0.8004    0.5689   0.04842   0.01849  0.003809
   284/299     12.3G   0.01607  0.004947 0.0007848   0.02181        18       640    0.8274    0.7935    0.7931    0.5659   0.04842   0.01853  0.003907
   285/299     12.3G   0.01631  0.004786 0.0009369   0.02203        12       640    0.8103    0.7934    0.7883     0.575    0.0487   0.01855  0.004061
   286/299     12.3G   0.01584  0.004829 0.0008468   0.02152         8       640    0.8009    0.7935    0.7824    0.5745   0.04893   0.01863  0.004315
   287/299     12.3G   0.01642   0.00514 0.0008373    0.0224         6       640    0.8305    0.7752     0.782    0.5664   0.04902   0.01873  0.004447
   288/299     12.3G   0.01706   0.00495 0.0008466   0.02286        16       640    0.8173     0.776    0.7741    0.5598   0.04885   0.01886  0.004358
   289/299     12.3G   0.01562  0.004549 0.0008389   0.02101        14       640    0.8287    0.7619    0.7746    0.5569    0.0488   0.01907  0.004359
   290/299     12.3G   0.01554  0.004728 0.0005978   0.02087        20       640    0.8161    0.7725    0.7747    0.5627    0.0486   0.01897  0.004271
   291/299     12.3G   0.01654  0.004627 0.0007139   0.02188        10       640    0.8088    0.7759    0.7837     0.558   0.04861   0.01879  0.004137
   292/299     12.3G   0.01626  0.004733 0.0007465   0.02174        12       640    0.8005    0.7935    0.7878    0.5573   0.04829   0.01868  0.004078
   293/299     12.3G   0.01614  0.004783 0.0008155   0.02174        12       640    0.8958    0.7214    0.7812    0.5508   0.04776   0.01869  0.003946
   294/299     12.3G   0.01717  0.004503 0.0008051   0.02248        14       640    0.8994    0.7214    0.7878    0.5634   0.04764   0.01867  0.003881
   295/299     12.3G   0.01463  0.004477 0.0005405   0.01965         8       640    0.8983    0.7214    0.7767    0.5557   0.04757   0.01879  0.003837
   296/299     12.3G   0.01607  0.004921 0.0008438   0.02183        16       640    0.8993    0.7214    0.7814    0.5685   0.04733   0.01869  0.003812
   297/299     12.3G   0.01453  0.004225  0.000771   0.01952         5       640    0.8947    0.7214    0.7827    0.5924   0.04701   0.01854  0.003815
   298/299     12.3G   0.01803  0.005022 0.0009614   0.02401        16       640    0.8142     0.775    0.7835     0.586   0.04712   0.01844  0.003848
   299/299     12.3G   0.01697  0.004871 0.0006667    0.0225        10       640    0.8488    0.7446     0.783    0.5718   0.04719   0.01844  0.003913
